7.51928 ,4.91801 ,3.01008 ,17.79776 ,53.91940 ,1.46448 ,8.96698 ,2.40402 
7.51842 ,4.92261 ,3.01699 ,17.79414 ,53.90844 ,1.46564 ,8.96940 ,2.40436 
7.51796 ,4.92752 ,3.02488 ,17.79052 ,53.89535 ,1.46687 ,8.97215 ,2.40475 
7.51791 ,4.93192 ,3.03246 ,17.78773 ,53.88187 ,1.46799 ,8.97495 ,2.40517 
7.51787 ,4.93628 ,3.03987 ,17.78523 ,53.86820 ,1.46911 ,8.97782 ,2.40562 
7.51787 ,4.94027 ,3.04682 ,17.78337 ,53.85475 ,1.47016 ,8.98066 ,2.40609 
7.51776 ,4.94414 ,3.05335 ,17.78179 ,53.84176 ,1.47118 ,8.98346 ,2.40656 
7.51745 ,4.94804 ,3.05956 ,17.78021 ,53.82926 ,1.47221 ,8.98622 ,2.40704 
7.51694 ,4.95201 ,3.06548 ,17.77859 ,53.81722 ,1.47326 ,8.98897 ,2.40752 
7.51623 ,4.95611 ,3.07124 ,17.77680 ,53.80558 ,1.47433 ,8.99171 ,2.40800 
7.51536 ,4.96030 ,3.07681 ,17.77490 ,53.79432 ,1.47542 ,8.99442 ,2.40847 
7.51435 ,4.96460 ,3.08231 ,17.77283 ,53.78331 ,1.47653 ,8.99712 ,2.40894 
7.51325 ,4.96892 ,3.08767 ,17.77070 ,53.77259 ,1.47765 ,8.99980 ,2.40940 
7.51207 ,4.97330 ,3.09297 ,17.76850 ,53.76203 ,1.47878 ,9.00248 ,2.40987 
7.51083 ,4.97772 ,3.09821 ,17.76623 ,53.75163 ,1.47992 ,9.00513 ,2.41033 
7.50956 ,4.98214 ,3.10341 ,17.76394 ,53.74134 ,1.48105 ,9.00777 ,2.41078 
7.50827 ,4.98653 ,3.10852 ,17.76165 ,53.73121 ,1.48218 ,9.01039 ,2.41124 
7.50696 ,4.99091 ,3.11361 ,17.75938 ,53.72114 ,1.48331 ,9.01300 ,2.41169 
7.50564 ,4.99530 ,3.11867 ,17.75707 ,53.71114 ,1.48444 ,9.01560 ,2.41214 
7.50432 ,4.99963 ,3.12369 ,17.75479 ,53.70125 ,1.48555 ,9.01817 ,2.41259 
7.50301 ,5.00393 ,3.12864 ,17.75256 ,53.69143 ,1.48666 ,9.02074 ,2.41303 
7.50168 ,5.00826 ,3.13363 ,17.75028 ,53.68162 ,1.48777 ,9.02329 ,2.41347 
7.50037 ,5.01249 ,3.13854 ,17.74807 ,53.67192 ,1.48886 ,9.02582 ,2.41391 
7.49908 ,5.01672 ,3.14344 ,17.74587 ,53.66226 ,1.48995 ,9.02834 ,2.41435 
7.49779 ,5.02087 ,3.14825 ,17.74374 ,53.65271 ,1.49102 ,9.03083 ,2.41478 
7.49651 ,5.02500 ,3.15308 ,17.74161 ,53.64317 ,1.49209 ,9.03331 ,2.41522 
7.49524 ,5.02912 ,3.15788 ,17.73950 ,53.63368 ,1.49316 ,9.03578 ,2.41565 
7.49399 ,5.03319 ,3.16266 ,17.73742 ,53.62423 ,1.49421 ,9.03824 ,2.41607 
7.49275 ,5.03721 ,3.16737 ,17.73539 ,53.61486 ,1.49525 ,9.04067 ,2.41650 
7.49152 ,5.04118 ,3.17208 ,17.73339 ,53.60554 ,1.49628 ,9.04309 ,2.41692 
7.49030 ,5.04515 ,3.17676 ,17.73140 ,53.59623 ,1.49731 ,9.04550 ,2.41734 
7.48909 ,5.04906 ,3.18140 ,17.72945 ,53.58701 ,1.49833 ,9.04789 ,2.41776 
7.48791 ,5.05293 ,3.18604 ,17.72754 ,53.57781 ,1.49934 ,9.05027 ,2.41817 
7.48671 ,5.05679 ,3.19061 ,17.72561 ,53.56871 ,1.50034 ,9.05264 ,2.41859 
7.48556 ,5.06057 ,3.19516 ,17.72379 ,53.55962 ,1.50133 ,9.05498 ,2.41900 
7.48439 ,5.06437 ,3.19971 ,17.72191 ,53.55059 ,1.50232 ,9.05732 ,2.41941 
7.48324 ,5.06810 ,3.20422 ,17.72010 ,53.54160 ,1.50329 ,9.05964 ,2.41981 
7.48211 ,5.07179 ,3.20873 ,17.71832 ,53.53264 ,1.50426 ,9.06194 ,2.42022 
7.48098 ,5.07547 ,3.21317 ,17.71656 ,53.52374 ,1.50522 ,9.06424 ,2.42062 
7.47987 ,5.07910 ,3.21760 ,17.71484 ,53.51489 ,1.50617 ,9.06652 ,2.42102 
7.47875 ,5.08273 ,3.22204 ,17.71308 ,53.50607 ,1.50712 ,9.06879 ,2.42142 
7.47766 ,5.08631 ,3.22643 ,17.71139 ,53.49730 ,1.50806 ,9.07104 ,2.42182 
7.47658 ,5.08984 ,3.23078 ,17.70974 ,53.48857 ,1.50899 ,9.07328 ,2.42221 
7.47550 ,5.09335 ,3.23511 ,17.70810 ,53.47991 ,1.50991 ,9.07551 ,2.42260 
7.47445 ,5.09681 ,3.23943 ,17.70649 ,53.47128 ,1.51082 ,9.07772 ,2.42299 
7.47339 ,5.10026 ,3.24371 ,17.70491 ,53.46270 ,1.51173 ,9.07992 ,2.42338 
7.47235 ,5.10368 ,3.24798 ,17.70332 ,53.45416 ,1.51263 ,9.08211 ,2.42377 
7.47133 ,5.10703 ,3.25219 ,17.70182 ,53.44569 ,1.51352 ,9.08428 ,2.42415 
7.47031 ,5.11037 ,3.25640 ,17.70032 ,53.43722 ,1.51440 ,9.08644 ,2.42453 
7.46930 ,5.11369 ,3.26060 ,17.69882 ,53.42880 ,1.51528 ,9.08859 ,2.42491 
7.46831 ,5.11696 ,3.26474 ,17.69737 ,53.42046 ,1.51615 ,9.09072 ,2.42529 
7.46732 ,5.12022 ,3.26887 ,17.69593 ,53.41212 ,1.51701 ,9.09285 ,2.42567 
7.46632 ,5.12348 ,3.27298 ,17.69448 ,53.40386 ,1.51787 ,9.09497 ,2.42605 
7.46535 ,5.12667 ,3.27706 ,17.69309 ,53.39562 ,1.51872 ,9.09707 ,2.42642 
7.46438 ,5.12984 ,3.28112 ,17.69171 ,53.38743 ,1.51956 ,9.09916 ,2.42679 
7.46342 ,5.13299 ,3.28514 ,17.69036 ,53.37929 ,1.52040 ,9.10124 ,2.42716 
7.46247 ,5.13611 ,3.28916 ,17.68900 ,53.37118 ,1.52123 ,9.10331 ,2.42753 
7.46153 ,5.13920 ,3.29314 ,17.68768 ,53.36314 ,1.52206 ,9.10536 ,2.42789 
7.46060 ,5.14226 ,3.29711 ,17.68640 ,53.35510 ,1.52287 ,9.10740 ,2.42826 
7.45968 ,5.14529 ,3.30105 ,17.68511 ,53.34713 ,1.52369 ,9.10943 ,2.42862 
7.45881 ,5.14828 ,3.30497 ,17.68392 ,53.33911 ,1.52448 ,9.11145 ,2.42897 
7.45793 ,5.15125 ,3.30890 ,17.68273 ,53.33113 ,1.52528 ,9.11346 ,2.42932 
7.45707 ,5.15418 ,3.31279 ,17.68158 ,53.32319 ,1.52607 ,9.11545 ,2.42967 
7.45620 ,5.15713 ,3.31668 ,17.68040 ,53.31528 ,1.52685 ,9.11744 ,2.43003 
7.45535 ,5.16002 ,3.32056 ,17.67925 ,53.30740 ,1.52763 ,9.11942 ,2.43037 
7.45450 ,5.16292 ,3.32440 ,17.67809 ,53.29958 ,1.52841 ,9.12138 ,2.43072 
7.45366 ,5.16580 ,3.32825 ,17.67695 ,53.29177 ,1.52918 ,9.12333 ,2.43106 
7.45282 ,5.16865 ,3.33207 ,17.67582 ,53.28401 ,1.52995 ,9.12527 ,2.43141 
7.45201 ,5.17147 ,3.33586 ,17.67475 ,53.27626 ,1.53071 ,9.12721 ,2.43175 
7.45119 ,5.17429 ,3.33966 ,17.67364 ,53.26853 ,1.53146 ,9.12913 ,2.43209 
7.45037 ,5.17709 ,3.34343 ,17.67255 ,53.26087 ,1.53222 ,9.13105 ,2.43242 
7.44956 ,5.17987 ,3.34718 ,17.67147 ,53.25324 ,1.53297 ,9.13295 ,2.43276 
7.44875 ,5.18265 ,3.35094 ,17.67038 ,53.24561 ,1.53371 ,9.13485 ,2.43310 
7.44795 ,5.18539 ,3.35466 ,17.66932 ,53.23805 ,1.53445 ,9.13673 ,2.43343 
7.44716 ,5.18814 ,3.35838 ,17.66825 ,53.23050 ,1.53519 ,9.13861 ,2.43376 
7.44638 ,5.19085 ,3.36208 ,17.66721 ,53.22298 ,1.53592 ,9.14048 ,2.43409 
7.44559 ,5.19357 ,3.36578 ,17.66616 ,53.21548 ,1.53666 ,9.14235 ,2.43442 
7.44482 ,5.19624 ,3.36944 ,17.66515 ,53.20803 ,1.53738 ,9.14419 ,2.43475 
7.44403 ,5.19892 ,3.37310 ,17.66410 ,53.20064 ,1.53810 ,9.14604 ,2.43508 
7.44327 ,5.20159 ,3.37675 ,17.66307 ,53.19322 ,1.53882 ,9.14787 ,2.43540 
7.44251 ,5.20422 ,3.38039 ,17.66208 ,53.18584 ,1.53954 ,9.14970 ,2.43573 
7.44176 ,5.20684 ,3.38399 ,17.66109 ,53.17850 ,1.54024 ,9.15152 ,2.43605 
7.44101 ,5.20945 ,3.38761 ,17.66010 ,53.17120 ,1.54095 ,9.15332 ,2.43637 
7.44028 ,5.21203 ,3.39117 ,17.65914 ,53.16393 ,1.54165 ,9.15512 ,2.43669 
7.43954 ,5.21460 ,3.39474 ,17.65818 ,53.15669 ,1.54234 ,9.15690 ,2.43701 
7.43880 ,5.21717 ,3.39829 ,17.65720 ,53.14948 ,1.54304 ,9.15869 ,2.43733 
7.43808 ,5.21971 ,3.40181 ,17.65627 ,53.14229 ,1.54373 ,9.16046 ,2.43764 
7.43736 ,5.22224 ,3.40534 ,17.65532 ,53.13513 ,1.54442 ,9.16223 ,2.43796 
7.43665 ,5.22475 ,3.40886 ,17.65439 ,53.12799 ,1.54510 ,9.16398 ,2.43827 
7.43594 ,5.22726 ,3.41234 ,17.65347 ,53.12091 ,1.54578 ,9.16573 ,2.43858 
7.43523 ,5.22974 ,3.41581 ,17.65256 ,53.11385 ,1.54645 ,9.16746 ,2.43890 
7.43454 ,5.23220 ,3.41925 ,17.65167 ,53.10682 ,1.54712 ,9.16919 ,2.43921 
7.43385 ,5.23467 ,3.42271 ,17.65076 ,53.09979 ,1.54779 ,9.17092 ,2.43951 
7.43315 ,5.23711 ,3.42615 ,17.64986 ,53.09280 ,1.54846 ,9.17264 ,2.43982 
7.43247 ,5.23953 ,3.42955 ,17.64900 ,53.08585 ,1.54912 ,9.17434 ,2.44013 
7.43179 ,5.24196 ,3.43295 ,17.64811 ,53.07893 ,1.54978 ,9.17605 ,2.44044 
7.43111 ,5.24436 ,3.43636 ,17.64724 ,53.07202 ,1.55043 ,9.17774 ,2.44074 
7.43044 ,5.24675 ,3.43975 ,17.64637 ,53.06514 ,1.55109 ,9.17942 ,2.44104 
7.42977 ,5.24912 ,3.44309 ,17.64553 ,53.05830 ,1.55173 ,9.18110 ,2.44135 
7.42912 ,5.25148 ,3.44646 ,17.64469 ,53.05147 ,1.55237 ,9.18277 ,2.44165 
7.42846 ,5.25382 ,3.44980 ,17.64386 ,53.04466 ,1.55302 ,9.18443 ,2.44195 
7.42781 ,5.25616 ,3.45311 ,17.64303 ,53.03791 ,1.55365 ,9.18608 ,2.44224 
7.42717 ,5.25846 ,3.45640 ,17.64224 ,53.03118 ,1.55428 ,9.18773 ,2.44254 
7.42653 ,5.26077 ,3.45970 ,17.64142 ,53.02446 ,1.55492 ,9.18937 ,2.44284 
7.42589 ,5.26305 ,3.46298 ,17.64064 ,53.01776 ,1.55554 ,9.19100 ,2.44313 
7.42526 ,5.26534 ,3.46624 ,17.63984 ,53.01111 ,1.55617 ,9.19262 ,2.44343 
7.42463 ,5.26761 ,3.46950 ,17.63904 ,53.00447 ,1.55679 ,9.19424 ,2.44372 
7.42401 ,5.26985 ,3.47273 ,17.63828 ,52.99786 ,1.55740 ,9.19585 ,2.44401 
7.42339 ,5.27210 ,3.47598 ,17.63750 ,52.99126 ,1.55802 ,9.19745 ,2.44430 
7.42278 ,5.27432 ,3.47916 ,17.63675 ,52.98472 ,1.55863 ,9.19904 ,2.44460 
7.42217 ,5.27653 ,3.48235 ,17.63600 ,52.97819 ,1.55924 ,9.20064 ,2.44489 
7.42156 ,5.27874 ,3.48556 ,17.63524 ,52.97167 ,1.55984 ,9.20221 ,2.44517 
7.42096 ,5.28093 ,3.48872 ,17.63449 ,52.96520 ,1.56044 ,9.20379 ,2.44546 
7.42036 ,5.28311 ,3.49185 ,17.63376 ,52.95877 ,1.56104 ,9.20535 ,2.44575 
7.41977 ,5.28529 ,3.49502 ,17.63303 ,52.95229 ,1.56164 ,9.20692 ,2.44603 
7.41918 ,5.28744 ,3.49814 ,17.63232 ,52.94590 ,1.56223 ,9.20847 ,2.44632 
7.41860 ,5.28957 ,3.50124 ,17.63162 ,52.93952 ,1.56282 ,9.21002 ,2.44660 
7.41803 ,5.29169 ,3.50433 ,17.63093 ,52.93318 ,1.56341 ,9.21155 ,2.44688 
7.41745 ,5.29382 ,3.50741 ,17.63022 ,52.92685 ,1.56399 ,9.21309 ,2.44717 
7.41687 ,5.29594 ,3.51051 ,17.62951 ,52.92053 ,1.56458 ,9.21462 ,2.44745 
7.57682 ,5.36248 ,3.40069 ,17.83200 ,52.84456 ,1.53259 ,9.03465 ,2.41620 
7.57756 ,5.36450 ,3.40245 ,17.83117 ,52.83857 ,1.53311 ,9.03604 ,2.41659 
7.57806 ,5.36652 ,3.40421 ,17.83043 ,52.83278 ,1.53362 ,9.03740 ,2.41698 
7.57845 ,5.36856 ,3.40600 ,17.82966 ,52.82705 ,1.53414 ,9.03876 ,2.41737 
7.57879 ,5.37066 ,3.40784 ,17.82887 ,52.82122 ,1.53467 ,9.04015 ,2.41779 
7.57924 ,5.37279 ,3.40972 ,17.82807 ,52.81517 ,1.53520 ,9.04159 ,2.41821 
7.57980 ,5.37493 ,3.41161 ,17.82724 ,52.80900 ,1.53575 ,9.04304 ,2.41863 
7.58046 ,5.37703 ,3.41347 ,17.82646 ,52.80276 ,1.53628 ,9.04449 ,2.41906 
7.58123 ,5.37906 ,3.41527 ,17.82570 ,52.79654 ,1.53680 ,9.04592 ,2.41947 
7.58211 ,5.38109 ,3.41708 ,17.82495 ,52.79018 ,1.53732 ,9.04738 ,2.41989 
7.58304 ,5.38308 ,3.41886 ,17.82422 ,52.78383 ,1.53783 ,9.04883 ,2.42030 
7.58405 ,5.38504 ,3.42061 ,17.82352 ,52.77746 ,1.53833 ,9.05027 ,2.42071 
7.58509 ,5.38697 ,3.42235 ,17.82285 ,52.77107 ,1.53883 ,9.05172 ,2.42113 
7.58622 ,5.38887 ,3.42405 ,17.82220 ,52.76463 ,1.53932 ,9.05317 ,2.42154 
7.58733 ,5.39077 ,3.42576 ,17.82157 ,52.75820 ,1.53981 ,9.05461 ,2.42195 
7.58845 ,5.39264 ,3.42744 ,17.82096 ,52.75178 ,1.54030 ,9.05607 ,2.42236 
7.58960 ,5.39451 ,3.42913 ,17.82038 ,52.74528 ,1.54079 ,9.05753 ,2.42278 
7.59076 ,5.39634 ,3.43079 ,17.81983 ,52.73883 ,1.54127 ,9.05899 ,2.42320 
7.59191 ,5.39816 ,3.43244 ,17.81933 ,52.73235 ,1.54175 ,9.06045 ,2.42362 
7.59307 ,5.39997 ,3.43408 ,17.81884 ,52.72587 ,1.54222 ,9.06191 ,2.42404 
7.59423 ,5.40176 ,3.43570 ,17.81839 ,52.71938 ,1.54270 ,9.06337 ,2.42446 
7.59541 ,5.40356 ,3.43733 ,17.81796 ,52.71284 ,1.54317 ,9.06485 ,2.42488 
7.59658 ,5.40532 ,3.43894 ,17.81756 ,52.70634 ,1.54364 ,9.06632 ,2.42530 
7.59773 ,5.40708 ,3.44054 ,17.81721 ,52.69981 ,1.54411 ,9.06780 ,2.42573 
7.59887 ,5.40882 ,3.44214 ,17.81689 ,52.69327 ,1.54457 ,9.06928 ,2.42616 
7.60002 ,5.41056 ,3.44372 ,17.81660 ,52.68671 ,1.54504 ,9.07076 ,2.42659 
7.60118 ,5.41229 ,3.44531 ,17.81634 ,52.68009 ,1.54550 ,9.07226 ,2.42703 
7.60235 ,5.41401 ,3.44689 ,17.81611 ,52.67347 ,1.54596 ,9.07376 ,2.42746 
7.60349 ,5.41571 ,3.44845 ,17.81591 ,52.66687 ,1.54642 ,9.07525 ,2.42790 
7.60460 ,5.41741 ,3.45002 ,17.81575 ,52.66025 ,1.54688 ,9.07676 ,2.42834 
7.60575 ,5.41908 ,3.45156 ,17.81562 ,52.65361 ,1.54733 ,9.07826 ,2.42878 
7.60687 ,5.42075 ,3.45310 ,17.81553 ,52.64696 ,1.54779 ,9.07977 ,2.42923 
7.60801 ,5.42241 ,3.45464 ,17.81547 ,52.64026 ,1.54824 ,9.08130 ,2.42967 
7.60913 ,5.42408 ,3.45618 ,17.81541 ,52.63355 ,1.54870 ,9.08283 ,2.43013 
7.61027 ,5.42572 ,3.45770 ,17.81541 ,52.62680 ,1.54915 ,9.08436 ,2.43058 
7.61141 ,5.42736 ,3.45923 ,17.81544 ,52.62002 ,1.54960 ,9.08590 ,2.43103 
7.61253 ,5.42897 ,3.46073 ,17.81551 ,52.61328 ,1.55005 ,9.08744 ,2.43149 
7.61368 ,5.43057 ,3.46223 ,17.81563 ,52.60649 ,1.55049 ,9.08898 ,2.43194 
7.61476 ,5.43217 ,3.46373 ,17.81577 ,52.59969 ,1.55094 ,9.09053 ,2.43240 
7.61590 ,5.43378 ,3.46522 ,17.81593 ,52.59283 ,1.55138 ,9.09210 ,2.43287 
7.61703 ,5.43537 ,3.46672 ,17.81613 ,52.58592 ,1.55183 ,9.09367 ,2.43333 
7.61812 ,5.43694 ,3.46819 ,17.81637 ,52.57907 ,1.55227 ,9.09524 ,2.43380 
7.61925 ,5.43850 ,3.46966 ,17.81664 ,52.57218 ,1.55271 ,9.09680 ,2.43427 
7.62036 ,5.44006 ,3.47113 ,17.81694 ,52.56522 ,1.55315 ,9.09839 ,2.43474 
7.62147 ,5.44162 ,3.47261 ,17.81726 ,52.55824 ,1.55359 ,9.09999 ,2.43522 
7.62259 ,5.44316 ,3.47407 ,17.81764 ,52.55123 ,1.55403 ,9.10159 ,2.43570 
7.62368 ,5.44470 ,3.47552 ,17.81804 ,52.54422 ,1.55447 ,9.10319 ,2.43618 
7.62479 ,5.44622 ,3.47697 ,17.81847 ,52.53720 ,1.55490 ,9.10479 ,2.43666 
7.62591 ,5.44773 ,3.47841 ,17.81895 ,52.53010 ,1.55534 ,9.10642 ,2.43714 
7.62700 ,5.44925 ,3.47985 ,17.81945 ,52.52300 ,1.55578 ,9.10805 ,2.43763 
7.62809 ,5.45076 ,3.48130 ,17.81999 ,52.51585 ,1.55621 ,9.10968 ,2.43812 
7.62923 ,5.45225 ,3.48273 ,17.82055 ,52.50866 ,1.55665 ,9.11132 ,2.43861 
7.63032 ,5.45374 ,3.48415 ,17.82117 ,52.50146 ,1.55708 ,9.11297 ,2.43910 
7.63139 ,5.45522 ,3.48558 ,17.82181 ,52.49424 ,1.55752 ,9.11463 ,2.43960 
7.63250 ,5.45670 ,3.48700 ,17.82248 ,52.48697 ,1.55795 ,9.11630 ,2.44010 
7.63359 ,5.45817 ,3.48841 ,17.82320 ,52.47967 ,1.55838 ,9.11798 ,2.44061 
7.63471 ,5.45963 ,3.48983 ,17.82394 ,52.47231 ,1.55881 ,9.11966 ,2.44111 
7.63577 ,5.46109 ,3.49124 ,17.82472 ,52.46496 ,1.55925 ,9.12136 ,2.44162 
7.63686 ,5.46254 ,3.49264 ,17.82554 ,52.45755 ,1.55968 ,9.12306 ,2.44213 
7.63796 ,5.46398 ,3.49404 ,17.82640 ,52.45011 ,1.56011 ,9.12476 ,2.44265 
7.63907 ,5.46541 ,3.49543 ,17.82730 ,52.44261 ,1.56054 ,9.12648 ,2.44316 
7.64021 ,5.46683 ,3.49681 ,17.82825 ,52.43504 ,1.56097 ,9.12822 ,2.44368 
7.64135 ,5.46826 ,3.49820 ,17.82921 ,52.42742 ,1.56140 ,9.12996 ,2.44421 
7.64248 ,5.46967 ,3.49959 ,17.83021 ,52.41978 ,1.56183 ,9.13171 ,2.44473 
7.64364 ,5.47108 ,3.50097 ,17.83127 ,52.41204 ,1.56226 ,9.13347 ,2.44527 
7.64477 ,5.47248 ,3.50234 ,17.83237 ,52.40432 ,1.56269 ,9.13524 ,2.44580 
7.64590 ,5.47386 ,3.50371 ,17.83352 ,52.39654 ,1.56312 ,9.13702 ,2.44633 
7.64704 ,5.47525 ,3.50507 ,17.83467 ,52.38878 ,1.56355 ,9.13879 ,2.44687 
7.64816 ,5.47664 ,3.50644 ,17.83588 ,52.38091 ,1.56398 ,9.14059 ,2.44742 
7.64932 ,5.47800 ,3.50780 ,17.83713 ,52.37298 ,1.56441 ,9.14240 ,2.44796 
7.65046 ,5.47938 ,3.50916 ,17.83841 ,52.36504 ,1.56484 ,9.14421 ,2.44851 
7.65159 ,5.48073 ,3.51051 ,17.83973 ,52.35709 ,1.56526 ,9.14603 ,2.44906 
7.65273 ,5.48209 ,3.51186 ,17.84107 ,52.34906 ,1.56569 ,9.14787 ,2.44962 
7.65387 ,5.48345 ,3.51321 ,17.84247 ,52.34098 ,1.56612 ,9.14971 ,2.45017 
7.65498 ,5.48479 ,3.51456 ,17.84391 ,52.33289 ,1.56655 ,9.15157 ,2.45074 
7.65614 ,5.48614 ,3.51591 ,17.84537 ,52.32472 ,1.56699 ,9.15342 ,2.45131 
7.65725 ,5.48748 ,3.51726 ,17.84688 ,52.31654 ,1.56742 ,9.15530 ,2.45187 
7.65842 ,5.48881 ,3.51860 ,17.84843 ,52.30827 ,1.56785 ,9.15718 ,2.45245 
7.65958 ,5.49013 ,3.51993 ,17.84998 ,52.30000 ,1.56828 ,9.15906 ,2.45302 
7.66071 ,5.49146 ,3.52127 ,17.85157 ,52.29172 ,1.56871 ,9.16095 ,2.45360 
7.66185 ,5.49278 ,3.52260 ,17.85322 ,52.28336 ,1.56914 ,9.16286 ,2.45418 
7.66298 ,5.49409 ,3.52393 ,17.85491 ,52.27497 ,1.56957 ,9.16478 ,2.45477 
7.66413 ,5.49539 ,3.52526 ,17.85661 ,52.26654 ,1.57000 ,9.16670 ,2.45536 
7.66527 ,5.49669 ,3.52658 ,17.85837 ,52.25808 ,1.57043 ,9.16862 ,2.45595 
7.66642 ,5.49799 ,3.52790 ,17.86015 ,52.24956 ,1.57087 ,9.17057 ,2.45654 
7.66759 ,5.49928 ,3.52922 ,17.86197 ,52.24100 ,1.57130 ,9.17251 ,2.45714 
7.66873 ,5.50056 ,3.53053 ,17.86380 ,52.23245 ,1.57173 ,9.17446 ,2.45774 
7.66986 ,5.50185 ,3.53185 ,17.86567 ,52.22385 ,1.57216 ,9.17642 ,2.45834 
7.67101 ,5.50313 ,3.53316 ,17.86757 ,52.21519 ,1.57260 ,9.17839 ,2.45895 
7.67218 ,5.50440 ,3.53447 ,17.86949 ,52.20650 ,1.57303 ,9.18036 ,2.45956 
7.67334 ,5.50567 ,3.53577 ,17.87146 ,52.19778 ,1.57346 ,9.18235 ,2.46017 
7.67451 ,5.50693 ,3.53707 ,17.87342 ,52.18908 ,1.57390 ,9.18432 ,2.46078 
7.67566 ,5.50819 ,3.53837 ,17.87547 ,52.18025 ,1.57433 ,9.18632 ,2.46140 
7.67681 ,5.50944 ,3.53967 ,17.87753 ,52.17145 ,1.57476 ,9.18832 ,2.46202 
7.67796 ,5.51069 ,3.54096 ,17.87961 ,52.16261 ,1.57520 ,9.19034 ,2.46264 
7.67911 ,5.51192 ,3.54224 ,17.88169 ,52.15381 ,1.57563 ,9.19233 ,2.46326 
7.68028 ,5.51316 ,3.54352 ,17.88384 ,52.14490 ,1.57606 ,9.19435 ,2.46389 
7.68143 ,5.51439 ,3.54480 ,17.88597 ,52.13603 ,1.57650 ,9.19637 ,2.46452 
7.68261 ,5.51562 ,3.54608 ,17.88815 ,52.12704 ,1.57693 ,9.19841 ,2.46515 
7.68375 ,5.51685 ,3.54736 ,17.89034 ,52.11813 ,1.57736 ,9.20043 ,2.46578 
7.68490 ,5.51806 ,3.54863 ,17.89259 ,52.10913 ,1.57780 ,9.20247 ,2.46642 
7.68610 ,5.51928 ,3.54989 ,17.89484 ,52.10010 ,1.57823 ,9.20451 ,2.46706 
7.68722 ,5.52049 ,3.55116 ,17.89711 ,52.09111 ,1.57867 ,9.20655 ,2.46770 
7.68837 ,5.52169 ,3.55242 ,17.89940 ,52.08209 ,1.57910 ,9.20860 ,2.46834 
7.68954 ,5.52289 ,3.55368 ,17.90171 ,52.07302 ,1.57953 ,9.21065 ,2.46899 
7.69068 ,5.52408 ,3.55493 ,17.90406 ,52.06395 ,1.57997 ,9.21270 ,2.46963 
7.69187 ,5.52527 ,3.55618 ,17.90640 ,52.05484 ,1.58040 ,9.21475 ,2.47028 
7.69302 ,5.52646 ,3.55742 ,17.90878 ,52.04574 ,1.58083 ,9.21681 ,2.47093 
7.69419 ,5.52764 ,3.55866 ,17.91112 ,52.03669 ,1.58127 ,9.21886 ,2.47158 
7.69537 ,5.52881 ,3.55990 ,17.91354 ,52.02752 ,1.58170 ,9.22093 ,2.47223 
7.69653 ,5.52998 ,3.56113 ,17.91596 ,52.01841 ,1.58213 ,9.22298 ,2.47288 
7.69767 ,5.53115 ,3.56236 ,17.91838 ,52.00930 ,1.58256 ,9.22504 ,2.47354 
7.69888 ,5.53230 ,3.56358 ,17.92084 ,52.00012 ,1.58299 ,9.22710 ,2.47420 
7.70004 ,5.53345 ,3.56479 ,17.92328 ,51.99100 ,1.58342 ,9.22916 ,2.47485 
7.70119 ,5.53461 ,3.56601 ,17.92577 ,51.98182 ,1.58385 ,9.23122 ,2.47551 
7.70237 ,5.53575 ,3.56723 ,17.92825 ,51.97266 ,1.58428 ,9.23328 ,2.47617 
7.70355 ,5.53689 ,3.56843 ,17.93076 ,51.96350 ,1.58471 ,9.23534 ,2.47683 
7.70473 ,5.53801 ,3.56963 ,17.93326 ,51.95434 ,1.58514 ,9.23739 ,2.47749 
7.70590 ,5.53915 ,3.57082 ,17.93577 ,51.94521 ,1.58557 ,9.23944 ,2.47815 
7.70706 ,5.54027 ,3.57202 ,17.93832 ,51.93602 ,1.58600 ,9.24150 ,2.47882 
7.64154 ,5.47586 ,3.61491 ,17.43217 ,52.44682 ,1.59590 ,9.34227 ,2.45053 
7.65204 ,5.48130 ,3.61748 ,17.41943 ,52.43576 ,1.59731 ,9.34623 ,2.45047 
7.67130 ,5.49081 ,3.62166 ,17.39699 ,52.41635 ,1.59971 ,9.35289 ,2.45029 
7.69385 ,5.50177 ,3.62641 ,17.37083 ,52.39410 ,1.60246 ,9.36053 ,2.45005 
7.71691 ,5.51289 ,3.63119 ,17.34407 ,52.37159 ,1.60526 ,9.36829 ,2.44979 
7.73791 ,5.52301 ,3.63556 ,17.31959 ,52.35114 ,1.60781 ,9.37542 ,2.44956 
7.75580 ,5.53162 ,3.63930 ,17.29857 ,52.33386 ,1.60998 ,9.38154 ,2.44935 
7.77142 ,5.53919 ,3.64261 ,17.28014 ,52.31861 ,1.61189 ,9.38696 ,2.44918 
7.78442 ,5.54553 ,3.64542 ,17.26472 ,52.30579 ,1.61350 ,9.39157 ,2.44906 
7.79526 ,5.55089 ,3.64783 ,17.25174 ,52.29496 ,1.61488 ,9.39549 ,2.44896 
7.80403 ,5.55529 ,3.64986 ,17.24115 ,52.28598 ,1.61601 ,9.39880 ,2.44889 
7.81139 ,5.55905 ,3.65164 ,17.23215 ,52.27826 ,1.61699 ,9.40167 ,2.44885 
7.81723 ,5.56209 ,3.65313 ,17.22488 ,52.27197 ,1.61780 ,9.40406 ,2.44883 
7.82208 ,5.56470 ,3.65445 ,17.21876 ,52.26654 ,1.61850 ,9.40615 ,2.44882 
7.82608 ,5.56691 ,3.65561 ,17.21361 ,52.26189 ,1.61910 ,9.40798 ,2.44883 
7.82966 ,5.56896 ,3.65671 ,17.20893 ,52.25752 ,1.61966 ,9.40970 ,2.44885 
7.83271 ,5.57075 ,3.65770 ,17.20487 ,52.25367 ,1.62016 ,9.41127 ,2.44887 
7.83537 ,5.57235 ,3.65862 ,17.20126 ,52.25021 ,1.62061 ,9.41268 ,2.44890 
7.83791 ,5.57390 ,3.65952 ,17.19777 ,52.24684 ,1.62105 ,9.41407 ,2.44893 
7.84024 ,5.57537 ,3.66038 ,17.19454 ,52.24364 ,1.62147 ,9.41540 ,2.44896 
7.84240 ,5.57675 ,3.66121 ,17.19149 ,52.24063 ,1.62187 ,9.41666 ,2.44899 
7.84449 ,5.57807 ,3.66201 ,17.18853 ,52.23775 ,1.62225 ,9.41788 ,2.44902 
7.84655 ,5.57940 ,3.66282 ,17.18560 ,52.23480 ,1.62263 ,9.41913 ,2.44906 
7.84846 ,5.58064 ,3.66359 ,17.18283 ,52.23208 ,1.62300 ,9.42029 ,2.44910 
7.85021 ,5.58182 ,3.66433 ,17.18026 ,52.22948 ,1.62334 ,9.42142 ,2.44913 
7.85208 ,5.58307 ,3.66510 ,17.17758 ,52.22667 ,1.62371 ,9.42262 ,2.44917 
7.85380 ,5.58422 ,3.66583 ,17.17504 ,52.22414 ,1.62405 ,9.42371 ,2.44920 
7.85557 ,5.58540 ,3.66657 ,17.17244 ,52.22154 ,1.62439 ,9.42484 ,2.44924 
7.85731 ,5.58658 ,3.66730 ,17.16989 ,52.21895 ,1.62474 ,9.42596 ,2.44928 
7.85909 ,5.58777 ,3.66805 ,17.16728 ,52.21632 ,1.62509 ,9.42710 ,2.44932 
7.86088 ,5.58896 ,3.66879 ,17.16468 ,52.21368 ,1.62544 ,9.42822 ,2.44935 
7.86261 ,5.59011 ,3.66951 ,17.16214 ,52.21114 ,1.62577 ,9.42933 ,2.44938 
7.86432 ,5.59125 ,3.67024 ,17.15962 ,52.20860 ,1.62611 ,9.43044 ,2.44942 
7.86598 ,5.59240 ,3.67096 ,17.15718 ,52.20602 ,1.62645 ,9.43155 ,2.44946 
7.86777 ,5.59356 ,3.67169 ,17.15458 ,52.20346 ,1.62679 ,9.43266 ,2.44949 
7.86933 ,5.59465 ,3.67238 ,17.15223 ,52.20105 ,1.62711 ,9.43372 ,2.44953 
7.87100 ,5.59577 ,3.67309 ,17.14976 ,52.19860 ,1.62744 ,9.43479 ,2.44956 
7.87270 ,5.59691 ,3.67381 ,17.14728 ,52.19603 ,1.62778 ,9.43590 ,2.44960 
7.87432 ,5.59801 ,3.67451 ,17.14487 ,52.19357 ,1.62811 ,9.43698 ,2.44964 
7.87593 ,5.59909 ,3.67519 ,17.14247 ,52.19123 ,1.62842 ,9.43802 ,2.44966 
7.87763 ,5.60021 ,3.67589 ,17.13995 ,52.18878 ,1.62875 ,9.43909 ,2.44969 
7.87917 ,5.60127 ,3.67657 ,17.13765 ,52.18641 ,1.62907 ,9.44014 ,2.44973 
7.88075 ,5.60235 ,3.67726 ,17.13529 ,52.18400 ,1.62939 ,9.44120 ,2.44977 
7.88234 ,5.60342 ,3.67794 ,17.13292 ,52.18164 ,1.62970 ,9.44225 ,2.44980 
7.88389 ,5.60448 ,3.67860 ,17.13060 ,52.17931 ,1.63002 ,9.44327 ,2.44983 
7.88556 ,5.60557 ,3.67930 ,17.12813 ,52.17690 ,1.63034 ,9.44434 ,2.44986 
7.88717 ,5.60666 ,3.67998 ,17.12574 ,52.17452 ,1.63066 ,9.44539 ,2.44989 
7.88876 ,5.60773 ,3.68066 ,17.12338 ,52.17215 ,1.63097 ,9.44643 ,2.44993 
7.89029 ,5.60876 ,3.68132 ,17.12108 ,52.16987 ,1.63128 ,9.44745 ,2.44996 
7.89188 ,5.60983 ,3.68199 ,17.11871 ,52.16750 ,1.63160 ,9.44849 ,2.44999 
7.89358 ,5.61093 ,3.68267 ,17.11623 ,52.16512 ,1.63192 ,9.44954 ,2.45001 
7.89531 ,5.61207 ,3.68338 ,17.11371 ,52.16259 ,1.63225 ,9.45064 ,2.45004 
7.89687 ,5.61312 ,3.68404 ,17.11140 ,52.16026 ,1.63257 ,9.45167 ,2.45007 
7.89837 ,5.61413 ,3.68469 ,17.10910 ,52.15807 ,1.63286 ,9.45266 ,2.45010 
7.89982 ,5.61512 ,3.68533 ,17.10690 ,52.15590 ,1.63316 ,9.45364 ,2.45013 
7.90137 ,5.61616 ,3.68598 ,17.10459 ,52.15360 ,1.63347 ,9.45467 ,2.45016 
7.90283 ,5.61714 ,3.68661 ,17.10236 ,52.15149 ,1.63376 ,9.45564 ,2.45019 
7.90446 ,5.61821 ,3.68728 ,17.09994 ,52.14915 ,1.63407 ,9.45667 ,2.45021 
7.90596 ,5.61921 ,3.68792 ,17.09769 ,52.14692 ,1.63437 ,9.45768 ,2.45024 
7.90749 ,5.62024 ,3.68857 ,17.09541 ,52.14466 ,1.63468 ,9.45868 ,2.45027 
7.90891 ,5.62121 ,3.68919 ,17.09323 ,52.14253 ,1.63497 ,9.45966 ,2.45031 
7.91035 ,5.62222 ,3.68984 ,17.09105 ,52.14024 ,1.63527 ,9.46068 ,2.45035 
7.91174 ,5.62318 ,3.69047 ,17.08890 ,52.13809 ,1.63557 ,9.46166 ,2.45039 
7.91330 ,5.62420 ,3.69112 ,17.08656 ,52.13584 ,1.63587 ,9.46268 ,2.45042 
7.91475 ,5.62520 ,3.69176 ,17.08436 ,52.13363 ,1.63617 ,9.46367 ,2.45046 
7.91616 ,5.62616 ,3.69237 ,17.08220 ,52.13150 ,1.63646 ,9.46465 ,2.45050 
7.91765 ,5.62718 ,3.69302 ,17.07996 ,52.12920 ,1.63677 ,9.46568 ,2.45054 
7.91906 ,5.62813 ,3.69364 ,17.07780 ,52.12711 ,1.63706 ,9.46663 ,2.45058 
7.92049 ,5.62910 ,3.69426 ,17.07561 ,52.12494 ,1.63735 ,9.46762 ,2.45062 
7.92196 ,5.63012 ,3.69492 ,17.07339 ,52.12264 ,1.63766 ,9.46864 ,2.45066 
7.92340 ,5.63107 ,3.69552 ,17.07119 ,52.12059 ,1.63795 ,9.46959 ,2.45069 
7.92495 ,5.63210 ,3.69617 ,17.06889 ,52.11828 ,1.63825 ,9.47063 ,2.45072 
7.92629 ,5.63302 ,3.69677 ,17.06680 ,52.11626 ,1.63853 ,9.47157 ,2.45076 
7.92762 ,5.63394 ,3.69738 ,17.06474 ,52.11419 ,1.63881 ,9.47252 ,2.45080 
7.92901 ,5.63487 ,3.69798 ,17.06260 ,52.11217 ,1.63910 ,9.47346 ,2.45083 
7.93030 ,5.63578 ,3.69858 ,17.06058 ,52.11011 ,1.63938 ,9.47442 ,2.45087 
7.93172 ,5.63674 ,3.69919 ,17.05841 ,52.10799 ,1.63967 ,9.47538 ,2.45090 
7.93314 ,5.63769 ,3.69979 ,17.05622 ,52.10594 ,1.63995 ,9.47634 ,2.45093 
7.93453 ,5.63862 ,3.70040 ,17.05411 ,52.10385 ,1.64023 ,9.47730 ,2.45096 
7.93596 ,5.63958 ,3.70102 ,17.05192 ,52.10174 ,1.64052 ,9.47827 ,2.45100 
7.93726 ,5.64046 ,3.70160 ,17.04988 ,52.09980 ,1.64079 ,9.47918 ,2.45103 
7.93866 ,5.64141 ,3.70220 ,17.04774 ,52.09769 ,1.64108 ,9.48015 ,2.45106 
7.94001 ,5.64231 ,3.70278 ,17.04563 ,52.09576 ,1.64135 ,9.48107 ,2.45108 
7.94137 ,5.64323 ,3.70338 ,17.04353 ,52.09371 ,1.64164 ,9.48202 ,2.45112 
7.94264 ,5.64410 ,3.70396 ,17.04153 ,52.09180 ,1.64190 ,9.48291 ,2.45115 
7.94401 ,5.64504 ,3.70456 ,17.03941 ,52.08972 ,1.64218 ,9.48388 ,2.45119 
7.94528 ,5.64590 ,3.70513 ,17.03741 ,52.08785 ,1.64245 ,9.48478 ,2.45122 
7.94667 ,5.64682 ,3.70572 ,17.03527 ,52.08583 ,1.64273 ,9.48571 ,2.45125 
7.94801 ,5.64772 ,3.70630 ,17.03317 ,52.08389 ,1.64300 ,9.48664 ,2.45127 
7.94940 ,5.64865 ,3.70690 ,17.03104 ,52.08183 ,1.64328 ,9.48760 ,2.45130 
7.95081 ,5.64957 ,3.70749 ,17.02889 ,52.07981 ,1.64356 ,9.48854 ,2.45133 
7.95201 ,5.65040 ,3.70804 ,17.02697 ,52.07799 ,1.64381 ,9.48941 ,2.45136 
7.95337 ,5.65131 ,3.70863 ,17.02484 ,52.07602 ,1.64409 ,9.49034 ,2.45139 
7.95467 ,5.65216 ,3.70919 ,17.02279 ,52.07421 ,1.64435 ,9.49122 ,2.45141 
7.95589 ,5.65300 ,3.70975 ,17.02086 ,52.07233 ,1.64461 ,9.49212 ,2.45145 
7.95720 ,5.65388 ,3.71032 ,17.01879 ,52.07044 ,1.64488 ,9.49302 ,2.45147 
7.95842 ,5.65471 ,3.71087 ,17.01685 ,52.06862 ,1.64513 ,9.49390 ,2.45150 
7.95980 ,5.65560 ,3.71145 ,17.01470 ,52.06671 ,1.64540 ,9.49482 ,2.45152 
7.96113 ,5.65649 ,3.71202 ,17.01261 ,52.06481 ,1.64567 ,9.49573 ,2.45155 
7.96247 ,5.65737 ,3.71259 ,17.01053 ,52.06288 ,1.64594 ,9.49664 ,2.45157 
7.96365 ,5.65818 ,3.71313 ,17.00862 ,52.06112 ,1.64619 ,9.49751 ,2.45160 
7.96500 ,5.65906 ,3.71370 ,17.00653 ,52.05925 ,1.64645 ,9.49840 ,2.45162 
7.96623 ,5.65988 ,3.71424 ,17.00455 ,52.05746 ,1.64671 ,9.49928 ,2.45165 
7.96746 ,5.66071 ,3.71480 ,17.00257 ,52.05567 ,1.64696 ,9.50015 ,2.45167 
7.96875 ,5.66157 ,3.71536 ,17.00055 ,52.05381 ,1.64723 ,9.50103 ,2.45170 
7.96999 ,5.66240 ,3.71590 ,16.99856 ,52.05204 ,1.64748 ,9.50192 ,2.45172 
7.97117 ,5.66318 ,3.71643 ,16.99664 ,52.05037 ,1.64772 ,9.50275 ,2.45174 
7.97244 ,5.66402 ,3.71698 ,16.99462 ,52.04859 ,1.64798 ,9.50362 ,2.45176 
7.97370 ,5.66485 ,3.71752 ,16.99262 ,52.04680 ,1.64823 ,9.50450 ,2.45178 
7.97493 ,5.66568 ,3.71807 ,16.99064 ,52.04500 ,1.64849 ,9.50538 ,2.45181 
7.97622 ,5.66651 ,3.71861 ,16.98860 ,52.04328 ,1.64874 ,9.50623 ,2.45182 
7.97741 ,5.66730 ,3.71914 ,16.98666 ,52.04161 ,1.64898 ,9.50707 ,2.45184 
7.97873 ,5.66815 ,3.71969 ,16.98458 ,52.03978 ,1.64924 ,9.50797 ,2.45186 
7.98002 ,5.66899 ,3.72024 ,16.98253 ,52.03800 ,1.64950 ,9.50884 ,2.45188 
7.98124 ,5.66980 ,3.72077 ,16.98057 ,52.03628 ,1.64975 ,9.50969 ,2.45190 
7.98244 ,5.67060 ,3.72131 ,16.97861 ,52.03459 ,1.64999 ,9.51055 ,2.45192 
7.98361 ,5.67136 ,3.72182 ,16.97669 ,52.03297 ,1.65023 ,9.51137 ,2.45194 
7.98471 ,5.67212 ,3.72233 ,16.97487 ,52.03136 ,1.65046 ,9.51218 ,2.45196 
7.98592 ,5.67291 ,3.72285 ,16.97291 ,52.02970 ,1.65071 ,9.51302 ,2.45198 
7.98710 ,5.67369 ,3.72338 ,16.97098 ,52.02807 ,1.65095 ,9.51386 ,2.45199 
8.00661 ,5.70944 ,3.78017 ,16.92279 ,51.83161 ,1.67299 ,9.62400 ,2.45238 
8.00780 ,5.71013 ,3.78112 ,16.92178 ,51.82821 ,1.67329 ,9.62514 ,2.45254 
8.00846 ,5.71072 ,3.78268 ,16.92199 ,51.82374 ,1.67353 ,9.62619 ,2.45270 
8.00901 ,5.71129 ,3.78435 ,16.92247 ,51.81906 ,1.67376 ,9.62721 ,2.45286 
8.00996 ,5.71193 ,3.78559 ,16.92198 ,51.81519 ,1.67403 ,9.62831 ,2.45301 
8.01117 ,5.71263 ,3.78651 ,16.92088 ,51.81186 ,1.67433 ,9.62946 ,2.45317 
8.01246 ,5.71334 ,3.78733 ,16.91963 ,51.80868 ,1.67463 ,9.63060 ,2.45332 
8.01381 ,5.71405 ,3.78809 ,16.91818 ,51.80569 ,1.67494 ,9.63176 ,2.45347 
8.01522 ,5.71479 ,3.78874 ,16.91658 ,51.80285 ,1.67526 ,9.63294 ,2.45362 
8.01652 ,5.71549 ,3.78952 ,16.91530 ,51.79974 ,1.67557 ,9.63408 ,2.45377 
8.01782 ,5.71619 ,3.79030 ,16.91402 ,51.79665 ,1.67588 ,9.63522 ,2.45392 
8.01919 ,5.71691 ,3.79099 ,16.91247 ,51.79379 ,1.67619 ,9.63638 ,2.45407 
8.02040 ,5.71760 ,3.79188 ,16.91139 ,51.79053 ,1.67648 ,9.63750 ,2.45422 
8.02162 ,5.71828 ,3.79271 ,16.91023 ,51.78739 ,1.67678 ,9.63862 ,2.45437 
8.02291 ,5.71898 ,3.79350 ,16.90889 ,51.78435 ,1.67708 ,9.63976 ,2.45452 
8.02419 ,5.71967 ,3.79425 ,16.90760 ,51.78134 ,1.67738 ,9.64089 ,2.45467 
8.02551 ,5.72036 ,3.79498 ,16.90622 ,51.77841 ,1.67769 ,9.64202 ,2.45481 
8.02681 ,5.72106 ,3.79569 ,16.90484 ,51.77548 ,1.67799 ,9.64316 ,2.45496 
8.02814 ,5.72176 ,3.79639 ,16.90338 ,51.77263 ,1.67830 ,9.64429 ,2.45511 
8.02949 ,5.72246 ,3.79709 ,16.90190 ,51.76979 ,1.67860 ,9.64542 ,2.45525 
8.03071 ,5.72313 ,3.79786 ,16.90072 ,51.76675 ,1.67889 ,9.64653 ,2.45540 
8.03199 ,5.72381 ,3.79861 ,16.89942 ,51.76380 ,1.67919 ,9.64764 ,2.45555 
8.03332 ,5.72451 ,3.79929 ,16.89792 ,51.76102 ,1.67950 ,9.64877 ,2.45568 
8.03460 ,5.72519 ,3.80001 ,16.89658 ,51.75813 ,1.67979 ,9.64987 ,2.45583 
8.03590 ,5.72587 ,3.80069 ,16.89516 ,51.75532 ,1.68009 ,9.65099 ,2.45597 
8.03709 ,5.72653 ,3.80152 ,16.89404 ,51.75225 ,1.68038 ,9.65208 ,2.45612 
8.03819 ,5.72717 ,3.80240 ,16.89308 ,51.74909 ,1.68066 ,9.65315 ,2.45626 
8.03958 ,5.72786 ,3.80301 ,16.89149 ,51.74644 ,1.68096 ,9.65426 ,2.45640 
8.04097 ,5.72856 ,3.80356 ,16.88982 ,51.74388 ,1.68127 ,9.65540 ,2.45654 
8.04236 ,5.72925 ,3.80413 ,16.88821 ,51.74128 ,1.68157 ,9.65650 ,2.45668 
8.04354 ,5.72990 ,3.80492 ,16.88706 ,51.73830 ,1.68186 ,9.65759 ,2.45682 
8.04488 ,5.73058 ,3.80553 ,16.88553 ,51.73566 ,1.68216 ,9.65870 ,2.45696 
8.04620 ,5.73126 ,3.80613 ,16.88409 ,51.73297 ,1.68245 ,9.65979 ,2.45710 
8.04725 ,5.73188 ,3.80706 ,16.88321 ,51.72980 ,1.68272 ,9.66084 ,2.45724 
8.04844 ,5.73252 ,3.80780 ,16.88202 ,51.72692 ,1.68300 ,9.66191 ,2.45738 
8.04971 ,5.73318 ,3.80848 ,16.88060 ,51.72421 ,1.68329 ,9.66299 ,2.45752 
8.05106 ,5.73386 ,3.80904 ,16.87908 ,51.72161 ,1.68359 ,9.66409 ,2.45766 
8.05237 ,5.73453 ,3.80963 ,16.87757 ,51.71905 ,1.68389 ,9.66518 ,2.45779 
8.05360 ,5.73517 ,3.81034 ,16.87625 ,51.71630 ,1.68417 ,9.66624 ,2.45793 
8.05500 ,5.73585 ,3.81080 ,16.87457 ,51.71389 ,1.68447 ,9.66734 ,2.45806 
8.05621 ,5.73650 ,3.81148 ,16.87325 ,51.71118 ,1.68476 ,9.66841 ,2.45820 
8.05734 ,5.73712 ,3.81229 ,16.87217 ,51.70825 ,1.68503 ,9.66945 ,2.45833 
8.05851 ,5.73775 ,3.81303 ,16.87100 ,51.70543 ,1.68531 ,9.67051 ,2.45847 
8.05976 ,5.73840 ,3.81365 ,16.86960 ,51.70281 ,1.68559 ,9.67157 ,2.45860 
8.06103 ,5.73904 ,3.81425 ,16.86820 ,51.70023 ,1.68588 ,9.67264 ,2.45874 
8.06232 ,5.73969 ,3.81484 ,16.86670 ,51.69772 ,1.68617 ,9.67370 ,2.45887 
8.06364 ,5.74035 ,3.81536 ,16.86516 ,51.69526 ,1.68646 ,9.67478 ,2.45900 
8.06482 ,5.74097 ,3.81608 ,16.86394 ,51.69252 ,1.68673 ,9.67580 ,2.45913 
8.06598 ,5.74159 ,3.81679 ,16.86276 ,51.68978 ,1.68700 ,9.67684 ,2.45927 
8.06713 ,5.74221 ,3.81750 ,16.86157 ,51.68704 ,1.68728 ,9.67787 ,2.45940 
8.06839 ,5.74285 ,3.81808 ,16.86014 ,51.68453 ,1.68756 ,9.67893 ,2.45953 
8.06955 ,5.74346 ,3.81880 ,16.85890 ,51.68185 ,1.68783 ,9.67995 ,2.45966 
8.07073 ,5.74408 ,3.81942 ,16.85767 ,51.67922 ,1.68810 ,9.68098 ,2.45979 
8.07204 ,5.74472 ,3.81993 ,16.85606 ,51.67688 ,1.68839 ,9.68204 ,2.45992 
8.07323 ,5.74534 ,3.82062 ,16.85478 ,51.67426 ,1.68866 ,9.68307 ,2.46005 
8.07440 ,5.74595 ,3.82125 ,16.85357 ,51.67163 ,1.68893 ,9.68409 ,2.46018 
8.07562 ,5.74657 ,3.82187 ,16.85219 ,51.66912 ,1.68921 ,9.68512 ,2.46031 
8.07685 ,5.74719 ,3.82246 ,16.85077 ,51.66666 ,1.68948 ,9.68615 ,2.46043 
8.07797 ,5.74779 ,3.82316 ,16.84960 ,51.66402 ,1.68975 ,9.68716 ,2.46056 
8.07908 ,5.74838 ,3.82388 ,16.84850 ,51.66128 ,1.69001 ,9.68816 ,2.46069 
8.08026 ,5.74899 ,3.82463 ,16.84713 ,51.65871 ,1.69028 ,9.68918 ,2.46081 
8.08146 ,5.74961 ,3.82529 ,16.84564 ,51.65630 ,1.69056 ,9.69021 ,2.46093 
8.08275 ,5.75024 ,3.82582 ,16.84406 ,51.65397 ,1.69084 ,9.69126 ,2.46106 
8.08401 ,5.75086 ,3.82644 ,16.84247 ,51.65165 ,1.69112 ,9.69228 ,2.46118 
8.08532 ,5.75149 ,3.82694 ,16.84074 ,51.64951 ,1.69141 ,9.69330 ,2.46129 
8.08655 ,5.75210 ,3.82758 ,16.83923 ,51.64715 ,1.69168 ,9.69430 ,2.46141 
8.08773 ,5.75269 ,3.82822 ,16.83783 ,51.64476 ,1.69195 ,9.69530 ,2.46153 
8.08889 ,5.75328 ,3.82889 ,16.83647 ,51.64234 ,1.69221 ,9.69627 ,2.46165 
8.09011 ,5.75388 ,3.82951 ,16.83499 ,51.64001 ,1.69248 ,9.69725 ,2.46177 
8.09123 ,5.75445 ,3.83023 ,16.83366 ,51.63759 ,1.69274 ,9.69821 ,2.46189 
8.09254 ,5.75506 ,3.83072 ,16.83194 ,51.63553 ,1.69301 ,9.69919 ,2.46200 
8.09379 ,5.75566 ,3.83123 ,16.83036 ,51.63339 ,1.69328 ,9.70016 ,2.46212 
8.09498 ,5.75624 ,3.83184 ,16.82891 ,51.63115 ,1.69354 ,9.70111 ,2.46224 
8.09608 ,5.75680 ,3.83253 ,16.82765 ,51.62875 ,1.69380 ,9.70204 ,2.46236 
8.09730 ,5.75737 ,3.83312 ,16.82615 ,51.62655 ,1.69406 ,9.70298 ,2.46247 
8.09839 ,5.75793 ,3.83379 ,16.82491 ,51.62420 ,1.69431 ,9.70388 ,2.46259 
8.09951 ,5.75847 ,3.83447 ,16.82359 ,51.62189 ,1.69456 ,9.70480 ,2.46270 
8.10074 ,5.75905 ,3.83494 ,16.82206 ,51.61986 ,1.69482 ,9.70572 ,2.46282 
8.10180 ,5.75959 ,3.83564 ,16.82087 ,51.61751 ,1.69506 ,9.70660 ,2.46293 
8.10295 ,5.76013 ,3.83629 ,16.81950 ,51.61528 ,1.69531 ,9.70749 ,2.46305 
8.10401 ,5.76067 ,3.83695 ,16.81832 ,51.61298 ,1.69555 ,9.70837 ,2.46316 
8.10509 ,5.76119 ,3.83762 ,16.81709 ,51.61073 ,1.69579 ,9.70923 ,2.46327 
8.10626 ,5.76174 ,3.83813 ,16.81563 ,51.60871 ,1.69604 ,9.71011 ,2.46339 
8.10754 ,5.76231 ,3.83854 ,16.81393 ,51.60687 ,1.69630 ,9.71101 ,2.46350 
8.10865 ,5.76283 ,3.83916 ,16.81260 ,51.60475 ,1.69654 ,9.71186 ,2.46361 
8.10987 ,5.76338 ,3.83961 ,16.81099 ,51.60292 ,1.69679 ,9.71273 ,2.46372 
8.11092 ,5.76389 ,3.84027 ,16.80982 ,51.60070 ,1.69702 ,9.71355 ,2.46383 
8.11211 ,5.76443 ,3.84071 ,16.80834 ,51.59880 ,1.69727 ,9.71440 ,2.46394 
8.11324 ,5.76495 ,3.84127 ,16.80695 ,51.59681 ,1.69751 ,9.71523 ,2.46405 
8.11433 ,5.76546 ,3.84185 ,16.80565 ,51.59476 ,1.69774 ,9.71604 ,2.46416 
8.11548 ,5.76598 ,3.84233 ,16.80423 ,51.59288 ,1.69798 ,9.71685 ,2.46427 
8.11667 ,5.76651 ,3.84277 ,16.80272 ,51.59105 ,1.69822 ,9.71768 ,2.46437 
8.11778 ,5.76702 ,3.84327 ,16.80138 ,51.58913 ,1.69845 ,9.71848 ,2.46448 
8.11878 ,5.76750 ,3.84389 ,16.80030 ,51.58702 ,1.69867 ,9.71925 ,2.46459 
8.11983 ,5.76799 ,3.84448 ,16.79910 ,51.58496 ,1.69890 ,9.72003 ,2.46470 
8.12095 ,5.76849 ,3.84493 ,16.79769 ,51.58319 ,1.69913 ,9.72081 ,2.46481 
8.12200 ,5.76898 ,3.84553 ,16.79647 ,51.58118 ,1.69935 ,9.72157 ,2.46491 
8.12299 ,5.76945 ,3.84613 ,16.79533 ,51.57920 ,1.69957 ,9.72232 ,2.46502 
8.12410 ,5.76994 ,3.84661 ,16.79399 ,51.57737 ,1.69979 ,9.72308 ,2.46512 
8.12508 ,5.77040 ,3.84720 ,16.79293 ,51.57535 ,1.70000 ,9.72381 ,2.46523 
8.12603 ,5.77085 ,3.84783 ,16.79197 ,51.57324 ,1.70021 ,9.72452 ,2.46533 
8.12707 ,5.77132 ,3.84835 ,16.79075 ,51.57140 ,1.70043 ,9.72524 ,2.46544 
8.12808 ,5.77178 ,3.84887 ,16.78959 ,51.56953 ,1.70064 ,9.72596 ,2.46554 
8.12904 ,5.77224 ,3.84948 ,16.78855 ,51.56754 ,1.70085 ,9.72666 ,2.46564 
8.13010 ,5.77270 ,3.84997 ,16.78729 ,51.56577 ,1.70106 ,9.72737 ,2.46574 
8.13119 ,5.77317 ,3.85035 ,16.78594 ,51.56415 ,1.70128 ,9.72808 ,2.46585 
8.13218 ,5.77362 ,3.85089 ,16.78483 ,51.56228 ,1.70148 ,9.72876 ,2.46595 
8.13336 ,5.77410 ,3.85117 ,16.78325 ,51.56087 ,1.70171 ,9.72948 ,2.46605 
8.13432 ,5.77454 ,3.85172 ,16.78217 ,51.55904 ,1.70191 ,9.73014 ,2.46615 
8.13533 ,5.77499 ,3.85220 ,16.78103 ,51.55727 ,1.70212 ,9.73081 ,2.46625 
8.13640 ,5.77544 ,3.85259 ,16.77968 ,51.55571 ,1.70233 ,9.73150 ,2.46635 
8.13743 ,5.77589 ,3.85304 ,16.77844 ,51.55407 ,1.70253 ,9.73216 ,2.46645 
8.13840 ,5.77632 ,3.85347 ,16.77737 ,51.55237 ,1.70273 ,9.73279 ,2.46655 
8.13950 ,5.77677 ,3.85381 ,16.77596 ,51.55091 ,1.70294 ,9.73345 ,2.46665 
8.14044 ,5.77719 ,3.85427 ,16.77492 ,51.54922 ,1.70314 ,9.73407 ,2.46675 
8.14146 ,5.77763 ,3.85467 ,16.77368 ,51.54766 ,1.70334 ,9.73471 ,2.46684 
8.14242 ,5.77805 ,3.85515 ,16.77262 ,51.54597 ,1.70353 ,9.73532 ,2.46694 
8.14336 ,5.77846 ,3.85560 ,16.77157 ,51.54432 ,1.70372 ,9.73592 ,2.46703 
8.14441 ,5.77889 ,3.85593 ,16.77028 ,51.54289 ,1.70392 ,9.73654 ,2.46713 
8.14530 ,5.77929 ,3.85644 ,16.76933 ,51.54118 ,1.70411 ,9.73712 ,2.46723 
8.67739 ,5.73471 ,3.81792 ,16.47489 ,51.49815 ,1.69112 ,9.66016 ,2.44566 
8.67906 ,5.73500 ,3.81825 ,16.47368 ,51.49682 ,1.69125 ,9.66021 ,2.44572 
8.68065 ,5.73532 ,3.81858 ,16.47238 ,51.49557 ,1.69139 ,9.66033 ,2.44578 
8.68207 ,5.73565 ,3.81890 ,16.47106 ,51.49442 ,1.69153 ,9.66051 ,2.44586 
8.68354 ,5.73598 ,3.81922 ,16.46972 ,51.49323 ,1.69167 ,9.66069 ,2.44593 
8.68489 ,5.73633 ,3.81955 ,16.46844 ,51.49207 ,1.69182 ,9.66088 ,2.44601 
8.68628 ,5.73666 ,3.81988 ,16.46724 ,51.49085 ,1.69196 ,9.66105 ,2.44609 
8.68771 ,5.73697 ,3.82019 ,16.46609 ,51.48960 ,1.69210 ,9.66118 ,2.44616 
8.68915 ,5.73729 ,3.82050 ,16.46498 ,51.48835 ,1.69223 ,9.66129 ,2.44622 
8.69061 ,5.73758 ,3.82082 ,16.46397 ,51.48701 ,1.69236 ,9.66136 ,2.44629 
8.69209 ,5.73788 ,3.82113 ,16.46298 ,51.48567 ,1.69249 ,9.66141 ,2.44635 
8.69356 ,5.73817 ,3.82144 ,16.46208 ,51.48430 ,1.69261 ,9.66144 ,2.44641 
8.69506 ,5.73844 ,3.82174 ,16.46124 ,51.48289 ,1.69273 ,9.66143 ,2.44647 
8.69657 ,5.73871 ,3.82205 ,16.46041 ,51.48148 ,1.69285 ,9.66142 ,2.44652 
8.69807 ,5.73897 ,3.82235 ,16.45961 ,51.48006 ,1.69296 ,9.66139 ,2.44657 
8.69960 ,5.73924 ,3.82265 ,16.45888 ,51.47859 ,1.69308 ,9.66134 ,2.44662 
8.70108 ,5.73949 ,3.82295 ,16.45818 ,51.47715 ,1.69319 ,9.66129 ,2.44667 
8.70254 ,5.73976 ,3.82325 ,16.45747 ,51.47571 ,1.69330 ,9.66124 ,2.44672 
8.70403 ,5.74001 ,3.82354 ,16.45683 ,51.47422 ,1.69341 ,9.66118 ,2.44677 
8.70543 ,5.74027 ,3.82384 ,16.45620 ,51.47278 ,1.69352 ,9.66112 ,2.44682 
8.70686 ,5.74052 ,3.82413 ,16.45563 ,51.47130 ,1.69363 ,9.66105 ,2.44687 
8.70840 ,5.74076 ,3.82442 ,16.45508 ,51.46974 ,1.69374 ,9.66095 ,2.44691 
8.70984 ,5.74101 ,3.82471 ,16.45455 ,51.46824 ,1.69384 ,9.66086 ,2.44695 
8.71125 ,5.74125 ,3.82500 ,16.45406 ,51.46673 ,1.69394 ,9.66078 ,2.44700 
8.71261 ,5.74150 ,3.82529 ,16.45356 ,51.46526 ,1.69405 ,9.66069 ,2.44704 
8.71399 ,5.74175 ,3.82557 ,16.45309 ,51.46376 ,1.69415 ,9.66061 ,2.44708 
8.71542 ,5.74198 ,3.82586 ,16.45267 ,51.46219 ,1.69425 ,9.66051 ,2.44712 
8.71679 ,5.74222 ,3.82614 ,16.45229 ,51.46064 ,1.69435 ,9.66040 ,2.44716 
8.71808 ,5.74247 ,3.82642 ,16.45188 ,51.45916 ,1.69445 ,9.66032 ,2.44721 
8.71945 ,5.74271 ,3.82670 ,16.45153 ,51.45760 ,1.69455 ,9.66021 ,2.44724 
8.72068 ,5.74295 ,3.82698 ,16.45120 ,51.45613 ,1.69465 ,9.66012 ,2.44729 
8.72205 ,5.74318 ,3.82726 ,16.45091 ,51.45453 ,1.69474 ,9.66000 ,2.44732 
8.72332 ,5.74343 ,3.82754 ,16.45062 ,51.45300 ,1.69484 ,9.65990 ,2.44736 
8.72459 ,5.74366 ,3.82781 ,16.45037 ,51.45144 ,1.69493 ,9.65979 ,2.44740 
8.72582 ,5.74390 ,3.82809 ,16.45011 ,51.44993 ,1.69503 ,9.65969 ,2.44743 
8.72709 ,5.74412 ,3.82836 ,16.44994 ,51.44834 ,1.69512 ,9.65956 ,2.44747 
8.72833 ,5.74436 ,3.82863 ,16.44975 ,51.44677 ,1.69521 ,9.65944 ,2.44750 
8.72955 ,5.74460 ,3.82890 ,16.44960 ,51.44519 ,1.69530 ,9.65932 ,2.44753 
8.73073 ,5.74483 ,3.82917 ,16.44944 ,51.44365 ,1.69539 ,9.65921 ,2.44757 
8.73196 ,5.74506 ,3.82943 ,16.44933 ,51.44206 ,1.69548 ,9.65908 ,2.44760 
8.73316 ,5.74529 ,3.82970 ,16.44926 ,51.44045 ,1.69557 ,9.65895 ,2.44763 
8.73430 ,5.74552 ,3.82997 ,16.44920 ,51.43887 ,1.69566 ,9.65883 ,2.44766 
8.73549 ,5.74574 ,3.83023 ,16.44915 ,51.43727 ,1.69574 ,9.65869 ,2.44769 
8.73656 ,5.74598 ,3.83050 ,16.44912 ,51.43572 ,1.69583 ,9.65857 ,2.44772 
8.73775 ,5.74620 ,3.83075 ,16.44914 ,51.43408 ,1.69591 ,9.65842 ,2.44775 
8.73890 ,5.74641 ,3.83101 ,16.44921 ,51.43243 ,1.69599 ,9.65827 ,2.44777 
8.74003 ,5.74664 ,3.83126 ,16.44926 ,51.43080 ,1.69608 ,9.65813 ,2.44780 
8.74123 ,5.74685 ,3.83151 ,16.44939 ,51.42909 ,1.69615 ,9.65795 ,2.44782 
8.74239 ,5.74706 ,3.83176 ,16.44953 ,51.42740 ,1.69623 ,9.65779 ,2.44784 
8.74359 ,5.74727 ,3.83200 ,16.44975 ,51.42563 ,1.69631 ,9.65759 ,2.44786 
8.74487 ,5.74747 ,3.83224 ,16.45001 ,51.42377 ,1.69638 ,9.65738 ,2.44787 
8.74620 ,5.74767 ,3.83247 ,16.45031 ,51.42189 ,1.69645 ,9.65714 ,2.44787 
8.74762 ,5.74784 ,3.83270 ,16.45071 ,51.41988 ,1.69652 ,9.65686 ,2.44788 
